# GIMP curves tool settings

(time 0)
(channel value)
(curve
    (curve-type smooth)
    (n-points 17)
    (points 34 0.000000 0.000000 -1.000000 -1.000000 -1.000000 -1.000000 -1.000000 -1.000000 -1.000000 -1.000000 -1.000000 -1.000000 -1.000000 -1.000000 -1.000000 -1.000000 -1.000000 -1.000000 -1.000000 -1.000000 -1.000000 -1.000000 -1.000000 -1.000000 -1.000000 -1.000000 -1.000000 -1.000000 -1.000000 -1.000000 -1.000000 -1.000000 1.000000 1.000000)
    (n-samples 256)
    (samples 256 0.000000 0.003922 0.007843 0.011765 0.015686 0.019608 0.023529 0.027451 0.031373 0.035294 0.039216 0.043137 0.047059 0.050980 0.054902 0.058824 0.062745 0.066667 0.070588 0.074510 0.078431 0.082353 0.086275 0.090196 0.094118 0.098039 0.101961 0.105882 0.109804 0.113725 0.117647 0.121569 0.125490 0.129412 0.133333 0.137255 0.141176 0.145098 0.149020 0.152941 0.156863 0.160784 0.164706 0.168627 0.172549 0.176471 0.180392 0.184314 0.188235 0.192157 0.196078 0.200000 0.203922 0.207843 0.211765 0.215686 0.219608 0.223529 0.227451 0.231373 0.235294 0.239216 0.243137 0.247059 0.250980 0.254902 0.258824 0.262745 0.266667 0.270588 0.274510 0.278431 0.282353 0.286275 0.290196 0.294118 0.298039 0.301961 0.305882 0.309804 0.313725 0.317647 0.321569 0.325490 0.329412 0.333333 0.337255 0.341176 0.345098 0.349020 0.352941 0.356863 0.360784 0.364706 0.368627 0.372549 0.376471 0.380392 0.384314 0.388235 0.392157 0.396078 0.400000 0.403922 0.407843 0.411765 0.415686 0.419608 0.423529 0.427451 0.431373 0.435294 0.439216 0.443137 0.447059 0.450980 0.454902 0.458824 0.462745 0.466667 0.470588 0.474510 0.478431 0.482353 0.486275 0.490196 0.494118 0.498039 0.501961 0.505882 0.509804 0.513725 0.517647 0.521569 0.525490 0.529412 0.533333 0.537255 0.541176 0.545098 0.549020 0.552941 0.556863 0.560784 0.564706 0.568627 0.572549 0.576471 0.580392 0.584314 0.588235 0.592157 0.596078 0.600000 0.603922 0.607843 0.611765 0.615686 0.619608 0.623529 0.627451 0.631373 0.635294 0.639216 0.643137 0.647059 0.650980 0.654902 0.658824 0.662745 0.666667 0.670588 0.674510 0.678431 0.682353 0.686275 0.690196 0.694118 0.698039 0.701961 0.705882 0.709804 0.713725 0.717647 0.721569 0.725490 0.729412 0.733333 0.737255 0.741176 0.745098 0.749020 0.752941 0.756863 0.760784 0.764706 0.768627 0.772549 0.776471 0.780392 0.784314 0.788235 0.792157 0.796078 0.800000 0.803922 0.807843 0.811765 0.815686 0.819608 0.823529 0.827451 0.831373 0.835294 0.839216 0.843137 0.847059 0.850980 0.854902 0.858824 0.862745 0.866667 0.870588 0.874510 0.878431 0.882353 0.886275 0.890196 0.894118 0.898039 0.901961 0.905882 0.909804 0.913725 0.917647 0.921569 0.925490 0.929412 0.933333 0.937255 0.941176 0.945098 0.949020 0.952941 0.956863 0.960784 0.964706 0.968627 0.972549 0.976471 0.980392 0.984314 0.988235 0.992157 0.996078 1.000000))
(time 0)
(channel red)
(curve
    (curve-type smooth)
    (n-points 17)
    (points 34 0.000000 0.000000 -1.000000 -1.000000 0.121569 0.039062 -1.000000 -1.000000 0.247059 0.128906 -1.000000 -1.000000 0.372549 0.364047 -1.000000 -1.000000 0.498039 0.614675 -1.000000 -1.000000 0.623529 0.839844 -1.000000 -1.000000 0.749020 0.944056 -1.000000 -1.000000 0.874510 0.996094 -1.000000 -1.000000 1.000000 1.000000)
    (n-samples 256)
    (samples 256 0.000000 0.000867 0.001737 0.002612 0.003494 0.004386 0.005291 0.006210 0.007146 0.008102 0.009080 0.010082 0.011111 0.012170 0.013261 0.014386 0.015548 0.016749 0.017992 0.019279 0.020613 0.021996 0.023430 0.024918 0.026463 0.028067 0.029732 0.031460 0.033255 0.035119 0.037054 0.039062 0.041087 0.043073 0.045030 0.046968 0.048894 0.050817 0.052747 0.054691 0.056660 0.058662 0.060705 0.062799 0.064953 0.067174 0.069473 0.071857 0.074337 0.076919 0.079615 0.082431 0.085378 0.088464 0.091697 0.095087 0.098642 0.102372 0.106285 0.110390 0.114696 0.119211 0.123945 0.128906 0.134116 0.139583 0.145295 0.151240 0.157406 0.163782 0.170354 0.177112 0.184044 0.191137 0.198381 0.205762 0.213269 0.220890 0.228614 0.236428 0.244320 0.252279 0.260293 0.268350 0.276438 0.284544 0.292658 0.300768 0.308860 0.316925 0.324949 0.332920 0.340828 0.348659 0.356403 0.364047 0.371664 0.379333 0.387049 0.394809 0.402609 0.410445 0.418314 0.426212 0.434135 0.442079 0.450041 0.458017 0.466003 0.473996 0.481991 0.489984 0.497974 0.505954 0.513922 0.521874 0.529806 0.537714 0.545595 0.553445 0.561260 0.569037 0.576771 0.584459 0.592097 0.599682 0.607209 0.614675 0.622142 0.629669 0.637247 0.644866 0.652520 0.660198 0.667891 0.675592 0.683292 0.690981 0.698651 0.706294 0.713899 0.721460 0.728967 0.736410 0.743783 0.751075 0.758278 0.765383 0.772382 0.779266 0.786026 0.792653 0.799139 0.805474 0.811651 0.817660 0.823492 0.829139 0.834593 0.839844 0.844899 0.849775 0.854478 0.859015 0.863392 0.867615 0.871690 0.875624 0.879424 0.883095 0.886643 0.890075 0.893398 0.896617 0.899739 0.902771 0.905718 0.908586 0.911383 0.914114 0.916785 0.919404 0.921975 0.924507 0.927004 0.929473 0.931921 0.934353 0.936777 0.939198 0.941622 0.944056 0.946470 0.948830 0.951135 0.953387 0.955585 0.957730 0.959822 0.961862 0.963850 0.965787 0.967672 0.969507 0.971291 0.973025 0.974709 0.976344 0.977930 0.979467 0.980957 0.982398 0.983792 0.985138 0.986438 0.987691 0.988899 0.990061 0.991177 0.992249 0.993276 0.994259 0.995198 0.996094 0.996933 0.997704 0.998409 0.999050 0.999629 1.000000 1.000000 1.000000 1.000000 1.000000 1.000000 1.000000 1.000000 1.000000 1.000000 1.000000 1.000000 1.000000 1.000000 1.000000 1.000000 1.000000 1.000000 1.000000 1.000000 1.000000 1.000000 1.000000 1.000000 1.000000 1.000000 1.000000))
(time 0)
(channel green)
(curve
    (curve-type smooth)
    (n-points 17)
    (points 34 0.000000 0.000000 -1.000000 -1.000000 0.121569 0.027344 -1.000000 -1.000000 0.247059 0.121232 -1.000000 -1.000000 0.372549 0.273438 -1.000000 -1.000000 0.498039 0.474050 -1.000000 -1.000000 0.623529 0.605469 -1.000000 -1.000000 0.749020 0.710938 -1.000000 -1.000000 0.874510 0.765625 -1.000000 -1.000000 1.000000 0.804688)
    (n-samples 256)
    (samples 256 0.000000 0.000361 0.000726 0.001097 0.001478 0.001872 0.002283 0.002713 0.003165 0.003644 0.004152 0.004692 0.005268 0.005883 0.006541 0.007244 0.007996 0.008800 0.009659 0.010577 0.011557 0.012602 0.013715 0.014899 0.016159 0.017496 0.018915 0.020419 0.022010 0.023693 0.025469 0.027344 0.029303 0.031330 0.033426 0.035589 0.037819 0.040116 0.042478 0.044905 0.047397 0.049954 0.052573 0.055256 0.058001 0.060808 0.063676 0.066604 0.069593 0.072641 0.075747 0.078913 0.082135 0.085415 0.088752 0.092145 0.095593 0.099095 0.102653 0.106263 0.109927 0.113644 0.117412 0.121232 0.125110 0.129054 0.133063 0.137136 0.141272 0.145470 0.149729 0.154048 0.158427 0.162864 0.167359 0.171910 0.176517 0.181179 0.185895 0.190664 0.195485 0.200358 0.205280 0.210252 0.215272 0.220340 0.225455 0.230616 0.235821 0.241070 0.246362 0.251697 0.257072 0.262488 0.267944 0.273438 0.279030 0.284773 0.290657 0.296671 0.302804 0.309045 0.315383 0.321809 0.328310 0.334877 0.341498 0.348163 0.354860 0.361580 0.368311 0.375043 0.381765 0.388465 0.395135 0.401761 0.408335 0.414844 0.421279 0.427628 0.433881 0.440026 0.446054 0.451954 0.457714 0.463324 0.468773 0.474050 0.479184 0.484212 0.489138 0.493966 0.498700 0.503344 0.507902 0.512378 0.516776 0.521100 0.525353 0.529540 0.533665 0.537732 0.541744 0.545706 0.549621 0.553494 0.557328 0.561128 0.564897 0.568640 0.572359 0.576060 0.579747 0.583422 0.587091 0.590756 0.594423 0.598095 0.601775 0.605469 0.609169 0.612866 0.616558 0.620241 0.623915 0.627575 0.631222 0.634851 0.638461 0.642049 0.645613 0.649152 0.652662 0.656141 0.659588 0.662999 0.666373 0.669707 0.672999 0.676246 0.679448 0.682600 0.685701 0.688749 0.691741 0.694676 0.697550 0.700361 0.703108 0.705788 0.708399 0.710938 0.713399 0.715779 0.718082 0.720310 0.722468 0.724557 0.726582 0.728546 0.730452 0.732302 0.734101 0.735851 0.737556 0.739219 0.740843 0.742432 0.743988 0.745514 0.747015 0.748493 0.749952 0.751394 0.752823 0.754242 0.755654 0.757063 0.758472 0.759884 0.761302 0.762729 0.764169 0.765625 0.767079 0.768510 0.769920 0.771309 0.772678 0.774028 0.775359 0.776672 0.777969 0.779248 0.780512 0.781761 0.782996 0.784217 0.785425 0.786621 0.787806 0.788980 0.790143 0.791298 0.792444 0.793582 0.794713 0.795837 0.796956 0.798070 0.799179 0.800285 0.801388 0.802489 0.803589 0.804688))
(time 0)
(channel blue)
(curve
    (curve-type smooth)
    (n-points 17)
    (points 34 0.000000 0.000000 -1.000000 -1.000000 0.121569 0.019531 -1.000000 -1.000000 0.247059 0.074219 -1.000000 -1.000000 0.372549 0.250766 -1.000000 -1.000000 0.498039 0.398438 -1.000000 -1.000000 0.623529 0.527344 -1.000000 -1.000000 0.750000 0.625000 -1.000000 -1.000000 0.874510 0.699219 -1.000000 -1.000000 1.000000 0.757812)
    (n-samples 256)
    (samples 256 0.000000 0.000356 0.000714 0.001076 0.001442 0.001816 0.002198 0.002590 0.002994 0.003412 0.003845 0.004296 0.004765 0.005255 0.005767 0.006303 0.006864 0.007453 0.008071 0.008720 0.009402 0.010117 0.010869 0.011658 0.012486 0.013356 0.014268 0.015225 0.016228 0.017279 0.018379 0.019531 0.020684 0.021793 0.022865 0.023908 0.024931 0.025942 0.026948 0.027958 0.028980 0.030021 0.031090 0.032195 0.033344 0.034545 0.035806 0.037135 0.038540 0.040029 0.041611 0.043292 0.045082 0.046989 0.049019 0.051182 0.053486 0.055938 0.058546 0.061319 0.064265 0.067392 0.070707 0.074219 0.077963 0.081959 0.086194 0.090653 0.095324 0.100192 0.105243 0.110464 0.115841 0.121359 0.127006 0.132768 0.138630 0.144578 0.150600 0.156681 0.162807 0.168965 0.175141 0.181320 0.187490 0.193637 0.199746 0.205803 0.211796 0.217710 0.223531 0.229246 0.234841 0.240302 0.245615 0.250766 0.255813 0.260823 0.265797 0.270735 0.275639 0.280509 0.285348 0.290154 0.294930 0.299676 0.304393 0.309082 0.313745 0.318381 0.322992 0.327579 0.332143 0.336684 0.341204 0.345704 0.350184 0.354645 0.359089 0.363516 0.367927 0.372323 0.376705 0.381074 0.385431 0.389776 0.394112 0.398438 0.402756 0.407068 0.411373 0.415668 0.419954 0.424228 0.428489 0.432737 0.436969 0.441185 0.445384 0.449564 0.453724 0.457863 0.461979 0.466072 0.470140 0.474181 0.478196 0.482182 0.486138 0.490063 0.493957 0.497816 0.501641 0.505430 0.509183 0.512896 0.516571 0.520204 0.523795 0.527344 0.530850 0.534316 0.537744 0.541134 0.544487 0.547804 0.551086 0.554333 0.557547 0.560729 0.563879 0.566998 0.570088 0.573149 0.576181 0.579187 0.582167 0.585121 0.588051 0.590957 0.593841 0.596703 0.599544 0.602366 0.605168 0.607952 0.610719 0.613470 0.616206 0.618926 0.621634 0.625000 0.627672 0.630316 0.632934 0.635526 0.638092 0.640633 0.643149 0.645642 0.648111 0.650557 0.652982 0.655384 0.657766 0.660126 0.662467 0.664789 0.667091 0.669375 0.671641 0.673891 0.676123 0.678339 0.680540 0.682726 0.684897 0.687055 0.689199 0.691330 0.693449 0.695557 0.697653 0.699219 0.701290 0.703339 0.705366 0.707371 0.709355 0.711320 0.713265 0.715192 0.717101 0.718993 0.720868 0.722729 0.724574 0.726406 0.728224 0.730029 0.731823 0.733606 0.735378 0.737141 0.738894 0.740640 0.742378 0.744110 0.745836 0.747556 0.749273 0.750985 0.752694 0.754402 0.756107 0.757812))
(time 0)
(channel alpha)
(curve
    (curve-type smooth)
    (n-points 17)
    (points 34 0.000000 0.000000 -1.000000 -1.000000 -1.000000 -1.000000 -1.000000 -1.000000 -1.000000 -1.000000 -1.000000 -1.000000 -1.000000 -1.000000 -1.000000 -1.000000 -1.000000 -1.000000 -1.000000 -1.000000 -1.000000 -1.000000 -1.000000 -1.000000 -1.000000 -1.000000 -1.000000 -1.000000 -1.000000 -1.000000 -1.000000 -1.000000 1.000000 1.000000)
    (n-samples 256)
    (samples 256 0.000000 0.003922 0.007843 0.011765 0.015686 0.019608 0.023529 0.027451 0.031373 0.035294 0.039216 0.043137 0.047059 0.050980 0.054902 0.058824 0.062745 0.066667 0.070588 0.074510 0.078431 0.082353 0.086275 0.090196 0.094118 0.098039 0.101961 0.105882 0.109804 0.113725 0.117647 0.121569 0.125490 0.129412 0.133333 0.137255 0.141176 0.145098 0.149020 0.152941 0.156863 0.160784 0.164706 0.168627 0.172549 0.176471 0.180392 0.184314 0.188235 0.192157 0.196078 0.200000 0.203922 0.207843 0.211765 0.215686 0.219608 0.223529 0.227451 0.231373 0.235294 0.239216 0.243137 0.247059 0.250980 0.254902 0.258824 0.262745 0.266667 0.270588 0.274510 0.278431 0.282353 0.286275 0.290196 0.294118 0.298039 0.301961 0.305882 0.309804 0.313725 0.317647 0.321569 0.325490 0.329412 0.333333 0.337255 0.341176 0.345098 0.349020 0.352941 0.356863 0.360784 0.364706 0.368627 0.372549 0.376471 0.380392 0.384314 0.388235 0.392157 0.396078 0.400000 0.403922 0.407843 0.411765 0.415686 0.419608 0.423529 0.427451 0.431373 0.435294 0.439216 0.443137 0.447059 0.450980 0.454902 0.458824 0.462745 0.466667 0.470588 0.474510 0.478431 0.482353 0.486275 0.490196 0.494118 0.498039 0.501961 0.505882 0.509804 0.513725 0.517647 0.521569 0.525490 0.529412 0.533333 0.537255 0.541176 0.545098 0.549020 0.552941 0.556863 0.560784 0.564706 0.568627 0.572549 0.576471 0.580392 0.584314 0.588235 0.592157 0.596078 0.600000 0.603922 0.607843 0.611765 0.615686 0.619608 0.623529 0.627451 0.631373 0.635294 0.639216 0.643137 0.647059 0.650980 0.654902 0.658824 0.662745 0.666667 0.670588 0.674510 0.678431 0.682353 0.686275 0.690196 0.694118 0.698039 0.701961 0.705882 0.709804 0.713725 0.717647 0.721569 0.725490 0.729412 0.733333 0.737255 0.741176 0.745098 0.749020 0.752941 0.756863 0.760784 0.764706 0.768627 0.772549 0.776471 0.780392 0.784314 0.788235 0.792157 0.796078 0.800000 0.803922 0.807843 0.811765 0.815686 0.819608 0.823529 0.827451 0.831373 0.835294 0.839216 0.843137 0.847059 0.850980 0.854902 0.858824 0.862745 0.866667 0.870588 0.874510 0.878431 0.882353 0.886275 0.890196 0.894118 0.898039 0.901961 0.905882 0.909804 0.913725 0.917647 0.921569 0.925490 0.929412 0.933333 0.937255 0.941176 0.945098 0.949020 0.952941 0.956863 0.960784 0.964706 0.968627 0.972549 0.976471 0.980392 0.984314 0.988235 0.992157 0.996078 1.000000))

# end of curves tool settings
