# GIMP curves tool settings

(time 0)
(channel value)
(curve
    (curve-type smooth)
    (n-points 17)
    (points 34 -1.000000 -1.000000 -1.000000 -1.000000 0.106707 0.000000 -1.000000 -1.000000 -1.000000 -1.000000 0.289634 0.207031 -1.000000 -1.000000 -1.000000 -1.000000 -1.000000 -1.000000 -1.000000 -1.000000 0.655488 0.769531 -1.000000 -1.000000 -1.000000 -1.000000 -1.000000 -1.000000 0.896341 1.000000 -1.000000 -1.000000 -1.000000 -1.000000)
    (n-samples 256)
    (samples 256 0.000000 0.000000 0.000000 0.000000 0.000000 0.000000 0.000000 0.000000 0.000000 0.000000 0.000000 0.000000 0.000000 0.000000 0.000000 0.000000 0.000000 0.000000 0.000000 0.000000 0.000000 0.000000 0.000000 0.000000 0.000000 0.000000 0.000000 0.000000 0.003908 0.007818 0.011730 0.015647 0.019570 0.023500 0.027439 0.031388 0.035349 0.039323 0.043312 0.047317 0.051339 0.055380 0.059442 0.063525 0.067633 0.071764 0.075923 0.080109 0.084324 0.088570 0.092848 0.097160 0.101507 0.105891 0.110312 0.114773 0.119275 0.123819 0.128408 0.133041 0.137722 0.142450 0.147229 0.152058 0.156940 0.161877 0.166869 0.171918 0.177025 0.182192 0.187421 0.192713 0.198069 0.203491 0.207031 0.212551 0.218112 0.223713 0.229354 0.235032 0.240748 0.246500 0.252287 0.258108 0.263963 0.269850 0.275767 0.281716 0.287693 0.293699 0.299732 0.305791 0.311876 0.317985 0.324117 0.330272 0.336448 0.342644 0.348860 0.355094 0.361346 0.367614 0.373897 0.380195 0.386506 0.392830 0.399165 0.405511 0.411866 0.418229 0.424601 0.430978 0.437361 0.443749 0.450141 0.456534 0.462930 0.469326 0.475722 0.482116 0.488508 0.494896 0.501280 0.507659 0.514032 0.520397 0.526754 0.533101 0.539438 0.545764 0.552078 0.558379 0.564665 0.570936 0.577191 0.583428 0.589648 0.595848 0.602028 0.608187 0.614324 0.620437 0.626527 0.632591 0.638629 0.644640 0.650623 0.656577 0.662501 0.668394 0.674255 0.680083 0.685877 0.691635 0.697358 0.703044 0.708692 0.714301 0.719869 0.725397 0.730884 0.736327 0.741726 0.747080 0.752389 0.757650 0.762864 0.769531 0.774623 0.779650 0.784611 0.789508 0.794343 0.799116 0.803829 0.808482 0.813077 0.817615 0.822097 0.826523 0.830896 0.835215 0.839483 0.843700 0.847868 0.851987 0.856059 0.860084 0.864064 0.868000 0.871893 0.875744 0.879554 0.883325 0.887056 0.890751 0.894408 0.898030 0.901618 0.905173 0.908696 0.912187 0.915649 0.919082 0.922487 0.925865 0.929218 0.932546 0.935851 0.939134 0.942395 0.945636 0.948859 0.952063 0.955251 0.958422 0.961580 0.964723 0.967854 0.970974 0.974083 0.977184 0.980276 0.983361 0.986440 0.989515 0.992585 0.995653 0.998720 1.000000 1.000000 1.000000 1.000000 1.000000 1.000000 1.000000 1.000000 1.000000 1.000000 1.000000 1.000000 1.000000 1.000000 1.000000 1.000000 1.000000 1.000000 1.000000 1.000000 1.000000 1.000000 1.000000 1.000000 1.000000 1.000000 1.000000))
(time 0)
(channel red)
(curve
    (curve-type smooth)
    (n-points 17)
    (points 34 0.000000 0.000000 -1.000000 -1.000000 -1.000000 -1.000000 -1.000000 -1.000000 -1.000000 -1.000000 -1.000000 -1.000000 -1.000000 -1.000000 -1.000000 -1.000000 -1.000000 -1.000000 -1.000000 -1.000000 -1.000000 -1.000000 -1.000000 -1.000000 0.743902 0.878906 -1.000000 -1.000000 -1.000000 -1.000000 -1.000000 -1.000000 1.000000 1.000000)
    (n-samples 256)
    (samples 256 0.000000 0.004989 0.009978 0.014967 0.019956 0.024944 0.029932 0.034920 0.039908 0.044895 0.049881 0.054867 0.059852 0.064837 0.069820 0.074803 0.079785 0.084766 0.089746 0.094725 0.099703 0.104680 0.109655 0.114629 0.119602 0.124573 0.129543 0.134511 0.139478 0.144443 0.149406 0.154368 0.159327 0.164285 0.169241 0.174195 0.179146 0.184096 0.189043 0.193988 0.198931 0.203872 0.208810 0.213745 0.218678 0.223608 0.228536 0.233461 0.238383 0.243303 0.248219 0.253132 0.258043 0.262950 0.267854 0.272755 0.277653 0.282547 0.287438 0.292326 0.297210 0.302091 0.306967 0.311841 0.316710 0.321576 0.326438 0.331296 0.336149 0.340999 0.345845 0.350687 0.355524 0.360357 0.365186 0.370011 0.374831 0.379646 0.384457 0.389263 0.394065 0.398862 0.403654 0.408441 0.413223 0.418001 0.422773 0.427540 0.432302 0.437059 0.441810 0.446556 0.451297 0.456032 0.460762 0.465486 0.470205 0.474917 0.479625 0.484326 0.489021 0.493711 0.498394 0.503072 0.507743 0.512408 0.517067 0.521720 0.526366 0.531006 0.535639 0.540266 0.544886 0.549500 0.554107 0.558707 0.563300 0.567887 0.572466 0.577039 0.581604 0.586162 0.590714 0.595258 0.599794 0.604323 0.608845 0.613360 0.617866 0.622366 0.626857 0.631341 0.635817 0.640285 0.644746 0.649198 0.653643 0.658079 0.662507 0.666927 0.671339 0.675743 0.680138 0.684524 0.688903 0.693272 0.697633 0.701986 0.706329 0.710664 0.714990 0.719307 0.723615 0.727915 0.732205 0.736486 0.740757 0.745020 0.749273 0.753517 0.757751 0.761976 0.766191 0.770397 0.774593 0.778780 0.782956 0.787123 0.791280 0.795426 0.799563 0.803690 0.807806 0.811913 0.816009 0.820094 0.824170 0.828235 0.832289 0.836333 0.840366 0.844389 0.848401 0.852402 0.856392 0.860371 0.864339 0.868296 0.872243 0.876178 0.878906 0.882781 0.886561 0.890250 0.893848 0.897357 0.900779 0.904114 0.907364 0.910531 0.913616 0.916621 0.919546 0.922394 0.925166 0.927864 0.930488 0.933041 0.935523 0.937937 0.940283 0.942563 0.944779 0.946932 0.949024 0.951055 0.953028 0.954943 0.956803 0.958609 0.960362 0.962063 0.963715 0.965318 0.966874 0.968385 0.969852 0.971276 0.972658 0.974002 0.975307 0.976575 0.977807 0.979006 0.980173 0.981308 0.982414 0.983492 0.984543 0.985569 0.986571 0.987551 0.988511 0.989451 0.990373 0.991278 0.992169 0.993046 0.993911 0.994765 0.995610 0.996448 0.997279 0.998106 0.998929 1.000000))
(time 0)
(channel green)
(curve
    (curve-type smooth)
    (n-points 17)
    (points 34 0.000000 0.000000 -1.000000 -1.000000 -1.000000 -1.000000 -1.000000 -1.000000 -1.000000 -1.000000 -1.000000 -1.000000 -1.000000 -1.000000 -1.000000 -1.000000 -1.000000 -1.000000 -1.000000 -1.000000 -1.000000 -1.000000 -1.000000 -1.000000 -1.000000 -1.000000 -1.000000 -1.000000 0.847561 0.695312 -1.000000 -1.000000 1.000000 1.000000)
    (n-samples 256)
    (samples 256 0.000000 0.002865 0.005730 0.008595 0.011460 0.014326 0.017191 0.020057 0.022923 0.025790 0.028657 0.031524 0.034392 0.037260 0.040129 0.042999 0.045870 0.048741 0.051612 0.054485 0.057359 0.060233 0.063108 0.065985 0.068862 0.071741 0.074620 0.077501 0.080383 0.083266 0.086151 0.089037 0.091924 0.094813 0.097703 0.100595 0.103489 0.106384 0.109280 0.112179 0.115079 0.117981 0.120885 0.123791 0.126699 0.129608 0.132520 0.135434 0.138350 0.141268 0.144188 0.147111 0.150036 0.152963 0.155893 0.158825 0.161759 0.164697 0.167636 0.170579 0.173524 0.176471 0.179422 0.182375 0.185331 0.188290 0.191252 0.194217 0.197185 0.200156 0.203130 0.206108 0.209088 0.212072 0.215059 0.218050 0.221043 0.224041 0.227042 0.230046 0.233054 0.236065 0.239080 0.242099 0.245122 0.248148 0.251179 0.254213 0.257251 0.260293 0.263339 0.266389 0.269444 0.272502 0.275565 0.278632 0.281703 0.284778 0.287858 0.290943 0.294032 0.297125 0.300223 0.303326 0.306433 0.309545 0.312662 0.315783 0.318909 0.322041 0.325177 0.328318 0.331464 0.334615 0.337772 0.340933 0.344100 0.347272 0.350449 0.353631 0.356819 0.360013 0.363212 0.366416 0.369626 0.372841 0.376063 0.379290 0.382522 0.385761 0.389005 0.392255 0.395511 0.398773 0.402041 0.405315 0.408596 0.411882 0.415175 0.418473 0.421779 0.425090 0.428408 0.431732 0.435063 0.438400 0.441744 0.445094 0.448451 0.451815 0.455186 0.458563 0.461947 0.465338 0.468736 0.472141 0.475553 0.478972 0.482398 0.485831 0.489271 0.492719 0.496174 0.499636 0.503106 0.506583 0.510067 0.513559 0.517059 0.520566 0.524081 0.527603 0.531134 0.534672 0.538218 0.541771 0.545333 0.548903 0.552480 0.556066 0.559660 0.563262 0.566872 0.570490 0.574117 0.577752 0.581395 0.585047 0.588707 0.592375 0.596053 0.599739 0.603433 0.607136 0.610848 0.614569 0.618298 0.622037 0.625784 0.629540 0.633305 0.637080 0.640863 0.644655 0.648457 0.652268 0.656088 0.659918 0.663757 0.667605 0.671463 0.675330 0.679207 0.683093 0.686989 0.690895 0.695312 0.699384 0.703750 0.708402 0.713334 0.718537 0.724003 0.729725 0.735694 0.741904 0.748346 0.755012 0.761896 0.768988 0.776281 0.783768 0.791440 0.799290 0.807311 0.815493 0.823831 0.832314 0.840937 0.849691 0.858569 0.867562 0.876663 0.885864 0.895158 0.904536 0.913990 0.923514 0.933099 0.942737 0.952421 0.962143 0.971895 0.981670 0.991459 1.000000))
(time 0)
(channel blue)
(curve
    (curve-type smooth)
    (n-points 17)
    (points 34 0.000000 0.000000 -1.000000 -1.000000 -1.000000 -1.000000 -1.000000 -1.000000 -1.000000 -1.000000 -1.000000 -1.000000 -1.000000 -1.000000 -1.000000 -1.000000 -1.000000 -1.000000 -1.000000 -1.000000 -1.000000 -1.000000 -1.000000 -1.000000 -1.000000 -1.000000 -1.000000 -1.000000 0.871951 0.628906 -1.000000 -1.000000 1.000000 1.000000)
    (n-samples 256)
    (samples 256 0.000000 0.002282 0.004564 0.006846 0.009128 0.011411 0.013694 0.015977 0.018261 0.020546 0.022830 0.025116 0.027402 0.029690 0.031977 0.034266 0.036556 0.038847 0.041139 0.043433 0.045727 0.048023 0.050320 0.052619 0.054919 0.057221 0.059525 0.061830 0.064137 0.066446 0.068757 0.071069 0.073384 0.075701 0.078020 0.080342 0.082666 0.084992 0.087320 0.089651 0.091985 0.094321 0.096661 0.099002 0.101347 0.103695 0.106045 0.108399 0.110756 0.113116 0.115479 0.117845 0.120215 0.122589 0.124966 0.127346 0.129730 0.132118 0.134509 0.136905 0.139304 0.141708 0.144115 0.146526 0.148942 0.151362 0.153786 0.156215 0.158648 0.161086 0.163528 0.165974 0.168426 0.170882 0.173343 0.175809 0.178280 0.180756 0.183237 0.185724 0.188215 0.190712 0.193214 0.195722 0.198235 0.200754 0.203278 0.205809 0.208344 0.210886 0.213434 0.215987 0.218547 0.221113 0.223684 0.226263 0.228847 0.231438 0.234035 0.236639 0.239249 0.241866 0.244490 0.247120 0.249757 0.252401 0.255052 0.257710 0.260376 0.263048 0.265728 0.268415 0.271109 0.273810 0.276520 0.279236 0.281961 0.284693 0.287433 0.290180 0.292936 0.295699 0.298471 0.301251 0.304038 0.306834 0.309639 0.312451 0.315272 0.318102 0.320940 0.323787 0.326642 0.329506 0.332379 0.335261 0.338152 0.341052 0.343961 0.346879 0.349807 0.352743 0.355689 0.358645 0.361609 0.364584 0.367568 0.370562 0.373565 0.376578 0.379602 0.382635 0.385678 0.388731 0.391795 0.394868 0.397952 0.401046 0.404151 0.407266 0.410392 0.413528 0.416675 0.419833 0.423001 0.426181 0.429371 0.432572 0.435785 0.439008 0.442243 0.445489 0.448747 0.452015 0.455296 0.458587 0.461891 0.465206 0.468533 0.471872 0.475222 0.478585 0.481959 0.485346 0.488744 0.492155 0.495578 0.499014 0.502462 0.505922 0.509395 0.512880 0.516379 0.519890 0.523413 0.526950 0.530499 0.534062 0.537637 0.541226 0.544828 0.548443 0.552072 0.555714 0.559369 0.563038 0.566721 0.570417 0.574127 0.577850 0.581588 0.585339 0.589105 0.592884 0.596678 0.600486 0.604308 0.608145 0.611995 0.615861 0.619741 0.623635 0.628906 0.633166 0.638089 0.643654 0.649840 0.656626 0.663991 0.671915 0.680376 0.689353 0.698825 0.708772 0.719172 0.730005 0.741250 0.752885 0.764890 0.777243 0.789925 0.802913 0.816187 0.829726 0.843510 0.857516 0.871725 0.886115 0.900665 0.915354 0.930162 0.945067 0.960049 0.975086 0.990158 1.000000))
(time 0)
(channel alpha)
(curve
    (curve-type smooth)
    (n-points 17)
    (points 34 0.000000 0.000000 -1.000000 -1.000000 -1.000000 -1.000000 -1.000000 -1.000000 -1.000000 -1.000000 -1.000000 -1.000000 -1.000000 -1.000000 -1.000000 -1.000000 -1.000000 -1.000000 -1.000000 -1.000000 -1.000000 -1.000000 -1.000000 -1.000000 -1.000000 -1.000000 -1.000000 -1.000000 -1.000000 -1.000000 -1.000000 -1.000000 1.000000 1.000000)
    (n-samples 256)
    (samples 256 0.000000 0.003922 0.007843 0.011765 0.015686 0.019608 0.023529 0.027451 0.031373 0.035294 0.039216 0.043137 0.047059 0.050980 0.054902 0.058824 0.062745 0.066667 0.070588 0.074510 0.078431 0.082353 0.086275 0.090196 0.094118 0.098039 0.101961 0.105882 0.109804 0.113725 0.117647 0.121569 0.125490 0.129412 0.133333 0.137255 0.141176 0.145098 0.149020 0.152941 0.156863 0.160784 0.164706 0.168627 0.172549 0.176471 0.180392 0.184314 0.188235 0.192157 0.196078 0.200000 0.203922 0.207843 0.211765 0.215686 0.219608 0.223529 0.227451 0.231373 0.235294 0.239216 0.243137 0.247059 0.250980 0.254902 0.258824 0.262745 0.266667 0.270588 0.274510 0.278431 0.282353 0.286275 0.290196 0.294118 0.298039 0.301961 0.305882 0.309804 0.313725 0.317647 0.321569 0.325490 0.329412 0.333333 0.337255 0.341176 0.345098 0.349020 0.352941 0.356863 0.360784 0.364706 0.368627 0.372549 0.376471 0.380392 0.384314 0.388235 0.392157 0.396078 0.400000 0.403922 0.407843 0.411765 0.415686 0.419608 0.423529 0.427451 0.431373 0.435294 0.439216 0.443137 0.447059 0.450980 0.454902 0.458824 0.462745 0.466667 0.470588 0.474510 0.478431 0.482353 0.486275 0.490196 0.494118 0.498039 0.501961 0.505882 0.509804 0.513725 0.517647 0.521569 0.525490 0.529412 0.533333 0.537255 0.541176 0.545098 0.549020 0.552941 0.556863 0.560784 0.564706 0.568627 0.572549 0.576471 0.580392 0.584314 0.588235 0.592157 0.596078 0.600000 0.603922 0.607843 0.611765 0.615686 0.619608 0.623529 0.627451 0.631373 0.635294 0.639216 0.643137 0.647059 0.650980 0.654902 0.658824 0.662745 0.666667 0.670588 0.674510 0.678431 0.682353 0.686275 0.690196 0.694118 0.698039 0.701961 0.705882 0.709804 0.713725 0.717647 0.721569 0.725490 0.729412 0.733333 0.737255 0.741176 0.745098 0.749020 0.752941 0.756863 0.760784 0.764706 0.768627 0.772549 0.776471 0.780392 0.784314 0.788235 0.792157 0.796078 0.800000 0.803922 0.807843 0.811765 0.815686 0.819608 0.823529 0.827451 0.831373 0.835294 0.839216 0.843137 0.847059 0.850980 0.854902 0.858824 0.862745 0.866667 0.870588 0.874510 0.878431 0.882353 0.886275 0.890196 0.894118 0.898039 0.901961 0.905882 0.909804 0.913725 0.917647 0.921569 0.925490 0.929412 0.933333 0.937255 0.941176 0.945098 0.949020 0.952941 0.956863 0.960784 0.964706 0.968627 0.972549 0.976471 0.980392 0.984314 0.988235 0.992157 0.996078 1.000000))

# end of curves tool settings
