0.000000
0.000000
0.000000
0.000000
0.000000
0.000000
0.000000
0.000000
0.000000
0.000000
0.000000
0.000000
0.000000
0.000000
0.000000
0.000000
0.000000
0.000000
0.000000
0.000000
0.000000
0.000000
0.000000
0.000000
0.000000
0.000000
0.000000
0.000000
0.003908
0.007818
0.011730
0.015647
0.019570
0.023500
0.027439
0.031388
0.035349
0.039323
0.043312
0.047317
0.051339
0.055380
0.059442
0.063525
0.067633
0.071764
0.075923
0.080109
0.084324
0.088570
0.092848
0.097160
0.101507
0.105891
0.110312
0.114773
0.119275
0.123819
0.128408
0.133041
0.137722
0.142450
0.147229
0.152058
0.156940
0.161877
0.166869
0.171918
0.177025
0.182192
0.187421
0.192713
0.198069
0.203491
0.207031
0.212551
0.218112
0.223713
0.229354
0.235032
0.240748
0.246500
0.252287
0.258108
0.263963
0.269850
0.275767
0.281716
0.287693
0.293699
0.299732
0.305791
0.311876
0.317985
0.324117
0.330272
0.336448
0.342644
0.348860
0.355094
0.361346
0.367614
0.373897
0.380195
0.386506
0.392830
0.399165
0.405511
0.411866
0.418229
0.424601
0.430978
0.437361
0.443749
0.450141
0.456534
0.462930
0.469326
0.475722
0.482116
0.488508
0.494896
0.501280
0.507659
0.514032
0.520397
0.526754
0.533101
0.539438
0.545764
0.552078
0.558379
0.564665
0.570936
0.577191
0.583428
0.589648
0.595848
0.602028
0.608187
0.614324
0.620437
0.626527
0.632591
0.638629
0.644640
0.650623
0.656577
0.662501
0.668394
0.674255
0.680083
0.685877
0.691635
0.697358
0.703044
0.708692
0.714301
0.719869
0.725397
0.730884
0.736327
0.741726
0.747080
0.752389
0.757650
0.762864
0.769531
0.774623
0.779650
0.784611
0.789508
0.794343
0.799116
0.803829
0.808482
0.813077
0.817615
0.822097
0.826523
0.830896
0.835215
0.839483
0.843700
0.847868
0.851987
0.856059
0.860084
0.864064
0.868000
0.871893
0.875744
0.879554
0.883325
0.887056
0.890751
0.894408
0.898030
0.901618
0.905173
0.908696
0.912187
0.915649
0.919082
0.922487
0.925865
0.929218
0.932546
0.935851
0.939134
0.942395
0.945636
0.948859
0.952063
0.955251
0.958422
0.961580
0.964723
0.967854
0.970974
0.974083
0.977184
0.980276
0.983361
0.986440
0.989515
0.992585
0.995653
0.998720
1.000000
1.000000
1.000000
1.000000
1.000000
1.000000
1.000000
1.000000
1.000000
1.000000
1.000000
1.000000
1.000000
1.000000
1.000000
1.000000
1.000000
1.000000
1.000000
1.000000
1.000000
1.000000
1.000000
1.000000
1.000000
1.000000
1.000000
