0.000000
0.000356
0.000714
0.001076
0.001442
0.001816
0.002198
0.002590
0.002994
0.003412
0.003845
0.004296
0.004765
0.005255
0.005767
0.006303
0.006864
0.007453
0.008071
0.008720
0.009402
0.010117
0.010869
0.011658
0.012486
0.013356
0.014268
0.015225
0.016228
0.017279
0.018379
0.019531
0.020684
0.021793
0.022865
0.023908
0.024931
0.025942
0.026948
0.027958
0.028980
0.030021
0.031090
0.032195
0.033344
0.034545
0.035806
0.037135
0.038540
0.040029
0.041611
0.043292
0.045082
0.046989
0.049019
0.051182
0.053486
0.055938
0.058546
0.061319
0.064265
0.067392
0.070707
0.074219
0.077963
0.081959
0.086194
0.090653
0.095324
0.100192
0.105243
0.110464
0.115841
0.121359
0.127006
0.132768
0.138630
0.144578
0.150600
0.156681
0.162807
0.168965
0.175141
0.181320
0.187490
0.193637
0.199746
0.205803
0.211796
0.217710
0.223531
0.229246
0.234841
0.240302
0.245615
0.250766
0.255813
0.260823
0.265797
0.270735
0.275639
0.280509
0.285348
0.290154
0.294930
0.299676
0.304393
0.309082
0.313745
0.318381
0.322992
0.327579
0.332143
0.336684
0.341204
0.345704
0.350184
0.354645
0.359089
0.363516
0.367927
0.372323
0.376705
0.381074
0.385431
0.389776
0.394112
0.398438
0.402756
0.407068
0.411373
0.415668
0.419954
0.424228
0.428489
0.432737
0.436969
0.441185
0.445384
0.449564
0.453724
0.457863
0.461979
0.466072
0.470140
0.474181
0.478196
0.482182
0.486138
0.490063
0.493957
0.497816
0.501641
0.505430
0.509183
0.512896
0.516571
0.520204
0.523795
0.527344
0.530850
0.534316
0.537744
0.541134
0.544487
0.547804
0.551086
0.554333
0.557547
0.560729
0.563879
0.566998
0.570088
0.573149
0.576181
0.579187
0.582167
0.585121
0.588051
0.590957
0.593841
0.596703
0.599544
0.602366
0.605168
0.607952
0.610719
0.613470
0.616206
0.618926
0.621634
0.625000
0.627672
0.630316
0.632934
0.635526
0.638092
0.640633
0.643149
0.645642
0.648111
0.650557
0.652982
0.655384
0.657766
0.660126
0.662467
0.664789
0.667091
0.669375
0.671641
0.673891
0.676123
0.678339
0.680540
0.682726
0.684897
0.687055
0.689199
0.691330
0.693449
0.695557
0.697653
0.699219
0.701290
0.703339
0.705366
0.707371
0.709355
0.711320
0.713265
0.715192
0.717101
0.718993
0.720868
0.722729
0.724574
0.726406
0.728224
0.730029
0.731823
0.733606
0.735378
0.737141
0.738894
0.740640
0.742378
0.744110
0.745836
0.747556
0.749273
0.750985
0.752694
0.754402
0.756107
0.757812
