0.000000
0.000867
0.001737
0.002612
0.003494
0.004386
0.005291
0.006210
0.007146
0.008102
0.009080
0.010082
0.011111
0.012170
0.013261
0.014386
0.015548
0.016749
0.017992
0.019279
0.020613
0.021996
0.023430
0.024918
0.026463
0.028067
0.029732
0.031460
0.033255
0.035119
0.037054
0.039062
0.041087
0.043073
0.045030
0.046968
0.048894
0.050817
0.052747
0.054691
0.056660
0.058662
0.060705
0.062799
0.064953
0.067174
0.069473
0.071857
0.074337
0.076919
0.079615
0.082431
0.085378
0.088464
0.091697
0.095087
0.098642
0.102372
0.106285
0.110390
0.114696
0.119211
0.123945
0.128906
0.134116
0.139583
0.145295
0.151240
0.157406
0.163782
0.170354
0.177112
0.184044
0.191137
0.198381
0.205762
0.213269
0.220890
0.228614
0.236428
0.244320
0.252279
0.260293
0.268350
0.276438
0.284544
0.292658
0.300768
0.308860
0.316925
0.324949
0.332920
0.340828
0.348659
0.356403
0.364047
0.371664
0.379333
0.387049
0.394809
0.402609
0.410445
0.418314
0.426212
0.434135
0.442079
0.450041
0.458017
0.466003
0.473996
0.481991
0.489984
0.497974
0.505954
0.513922
0.521874
0.529806
0.537714
0.545595
0.553445
0.561260
0.569037
0.576771
0.584459
0.592097
0.599682
0.607209
0.614675
0.622142
0.629669
0.637247
0.644866
0.652520
0.660198
0.667891
0.675592
0.683292
0.690981
0.698651
0.706294
0.713899
0.721460
0.728967
0.736410
0.743783
0.751075
0.758278
0.765383
0.772382
0.779266
0.786026
0.792653
0.799139
0.805474
0.811651
0.817660
0.823492
0.829139
0.834593
0.839844
0.844899
0.849775
0.854478
0.859015
0.863392
0.867615
0.871690
0.875624
0.879424
0.883095
0.886643
0.890075
0.893398
0.896617
0.899739
0.902771
0.905718
0.908586
0.911383
0.914114
0.916785
0.919404
0.921975
0.924507
0.927004
0.929473
0.931921
0.934353
0.936777
0.939198
0.941622
0.944056
0.946470
0.948830
0.951135
0.953387
0.955585
0.957730
0.959822
0.961862
0.963850
0.965787
0.967672
0.969507
0.971291
0.973025
0.974709
0.976344
0.977930
0.979467
0.980957
0.982398
0.983792
0.985138
0.986438
0.987691
0.988899
0.990061
0.991177
0.992249
0.993276
0.994259
0.995198
0.996094
0.996933
0.997704
0.998409
0.999050
0.999629
1.000000
1.000000
1.000000
1.000000
1.000000
1.000000
1.000000
1.000000
1.000000
1.000000
1.000000
1.000000
1.000000
1.000000
1.000000
1.000000
1.000000
1.000000
1.000000
1.000000
1.000000
1.000000
1.000000
1.000000
1.000000
1.000000
1.000000
