0.000000
0.000361
0.000726
0.001097
0.001478
0.001872
0.002283
0.002713
0.003165
0.003644
0.004152
0.004692
0.005268
0.005883
0.006541
0.007244
0.007996
0.008800
0.009659
0.010577
0.011557
0.012602
0.013715
0.014899
0.016159
0.017496
0.018915
0.020419
0.022010
0.023693
0.025469
0.027344
0.029303
0.031330
0.033426
0.035589
0.037819
0.040116
0.042478
0.044905
0.047397
0.049954
0.052573
0.055256
0.058001
0.060808
0.063676
0.066604
0.069593
0.072641
0.075747
0.078913
0.082135
0.085415
0.088752
0.092145
0.095593
0.099095
0.102653
0.106263
0.109927
0.113644
0.117412
0.121232
0.125110
0.129054
0.133063
0.137136
0.141272
0.145470
0.149729
0.154048
0.158427
0.162864
0.167359
0.171910
0.176517
0.181179
0.185895
0.190664
0.195485
0.200358
0.205280
0.210252
0.215272
0.220340
0.225455
0.230616
0.235821
0.241070
0.246362
0.251697
0.257072
0.262488
0.267944
0.273438
0.279030
0.284773
0.290657
0.296671
0.302804
0.309045
0.315383
0.321809
0.328310
0.334877
0.341498
0.348163
0.354860
0.361580
0.368311
0.375043
0.381765
0.388465
0.395135
0.401761
0.408335
0.414844
0.421279
0.427628
0.433881
0.440026
0.446054
0.451954
0.457714
0.463324
0.468773
0.474050
0.479184
0.484212
0.489138
0.493966
0.498700
0.503344
0.507902
0.512378
0.516776
0.521100
0.525353
0.529540
0.533665
0.537732
0.541744
0.545706
0.549621
0.553494
0.557328
0.561128
0.564897
0.568640
0.572359
0.576060
0.579747
0.583422
0.587091
0.590756
0.594423
0.598095
0.601775
0.605469
0.609169
0.612866
0.616558
0.620241
0.623915
0.627575
0.631222
0.634851
0.638461
0.642049
0.645613
0.649152
0.652662
0.656141
0.659588
0.662999
0.666373
0.669707
0.672999
0.676246
0.679448
0.682600
0.685701
0.688749
0.691741
0.694676
0.697550
0.700361
0.703108
0.705788
0.708399
0.710938
0.713399
0.715779
0.718082
0.720310
0.722468
0.724557
0.726582
0.728546
0.730452
0.732302
0.734101
0.735851
0.737556
0.739219
0.740843
0.742432
0.743988
0.745514
0.747015
0.748493
0.749952
0.751394
0.752823
0.754242
0.755654
0.757063
0.758472
0.759884
0.761302
0.762729
0.764169
0.765625
0.767079
0.768510
0.769920
0.771309
0.772678
0.774028
0.775359
0.776672
0.777969
0.779248
0.780512
0.781761
0.782996
0.784217
0.785425
0.786621
0.787806
0.788980
0.790143
0.791298
0.792444
0.793582
0.794713
0.795837
0.796956
0.798070
0.799179
0.800285
0.801388
0.802489
0.803589
0.804688
